ngspice ↔ analytical-MNA cross-validation
------------------------------------------
design: [3, 4, 3, 1, 2, 3, 3, 2, 2, 1, 2, 2, 3, 3, 1, 2]
max |ngspice - analytical| over all 256 codes: 4.926e-8 V

  code |    analytical |       ngspice |        ideal | err vs ideal
     0 |    0.0000000 |    0.0000000 |   0.0000000 |   +0.0000e0
     1 |    0.0038734 |    0.0038734 |   0.0039062 |  -3.2878e-5
    64 |    0.2499195 |    0.2499195 |   0.2500000 |  -8.0483e-5
   127 |    0.4960858 |    0.4960858 |   0.4960938 |  -7.9391e-6
   128 |    0.4999463 |    0.4999463 |   0.5000000 |  -5.3655e-5
   192 |    0.7498659 |    0.7498659 |   0.7500000 |  -1.3414e-4
   255 |    0.9960322 |    0.9960322 |   0.9960938 |  -6.1594e-5
