ngspice ↔ analytical-MNA cross-validation
------------------------------------------
design: [1, 1, 0, 1, 1, 1, 2, 2, 2, 2, 0, 2, 2, 3, 2, 2]
max |ngspice - analytical| over all 256 codes: 4.963e-8 V

  code |    analytical |       ngspice |        ideal | err vs ideal
     0 |    0.0000000 |    0.0000000 |   0.0000000 |   +0.0000e0
     1 |    0.0038075 |    0.0038075 |   0.0039062 |  -9.8771e-5
    64 |    0.2500848 |    0.2500848 |   0.2500000 |  +8.4823e-5
   127 |    0.4961360 |    0.4961360 |   0.4960938 |  +4.2223e-5
   128 |    0.5000565 |    0.5000565 |   0.5000000 |  +5.6549e-5
   192 |    0.7501414 |    0.7501414 |   0.7500000 |  +1.4137e-4
   255 |    0.9961925 |    0.9961925 |   0.9960938 |  +9.8771e-5
